# x_l [fm]	x_t [fm]	E_x [GeV^2]	ERR E_x [GeV^2]
7.601499999999999924e-02 -2.128423999999999872e+00 -3.069999999999999812e-04 4.279999999999999950e-04
7.601499999999999924e-02 -1.976393999999999984e+00 -3.770000000000000022e-04 5.090000000000000123e-04
7.601499999999999924e-02 -1.824362999999999957e+00 5.370000000000000424e-04 4.229999999999999819e-04
7.601499999999999924e-02 -1.672333000000000069e+00 6.830000000000000134e-04 4.330000000000000081e-04
7.601499999999999924e-02 -1.520302999999999960e+00 5.270000000000000162e-04 5.190000000000000386e-04
7.601499999999999924e-02 -1.368273000000000073e+00 8.999999999999999754e-04 5.150000000000000498e-04
7.601499999999999924e-02 -1.216242000000000045e+00 1.492000000000000054e-03 5.670000000000000127e-04
7.601499999999999924e-02 -1.064211999999999936e+00 1.920999999999999965e-03 5.199999999999999544e-04
7.601499999999999924e-02 -9.121820000000000483e-01 5.465000000000000240e-03 5.789999999999999791e-04
7.601499999999999924e-02 -7.601510000000000211e-01 1.193100000000000063e-02 6.400000000000000524e-04
7.601499999999999924e-02 -6.081210000000000226e-01 2.560000000000000123e-02 6.080000000000000335e-04
7.601499999999999924e-02 -4.560910000000000242e-01 5.566499999999999920e-02 5.770000000000000389e-04
7.601499999999999924e-02 -3.040610000000000257e-01 1.255940000000000112e-01 5.580000000000000107e-04
7.601499999999999924e-02 -1.520299999999999985e-01 2.153589999999999949e-01 7.029999999999999574e-04
7.601499999999999924e-02 0.000000000000000000e+00 3.063529999999999864e-01 8.499999999999999526e-04
7.601499999999999924e-02 1.520299999999999985e-01 2.153589999999999949e-01 7.029999999999999574e-04
7.601499999999999924e-02 3.040610000000000257e-01 1.255940000000000112e-01 5.580000000000000107e-04
7.601499999999999924e-02 4.560910000000000242e-01 5.566499999999999920e-02 5.770000000000000389e-04
7.601499999999999924e-02 6.081210000000000226e-01 2.560000000000000123e-02 6.080000000000000335e-04
7.601499999999999924e-02 7.601510000000000211e-01 1.193100000000000063e-02 6.400000000000000524e-04
7.601499999999999924e-02 9.121820000000000483e-01 5.465000000000000240e-03 5.789999999999999791e-04
7.601499999999999924e-02 1.064211999999999936e+00 1.920999999999999965e-03 5.199999999999999544e-04
7.601499999999999924e-02 1.216242000000000045e+00 1.492000000000000054e-03 5.670000000000000127e-04
7.601499999999999924e-02 1.368273000000000073e+00 8.999999999999999754e-04 5.150000000000000498e-04
7.601499999999999924e-02 1.520302999999999960e+00 5.270000000000000162e-04 5.190000000000000386e-04
7.601499999999999924e-02 1.672333000000000069e+00 6.830000000000000134e-04 4.330000000000000081e-04
7.601499999999999924e-02 1.824362999999999957e+00 5.370000000000000424e-04 4.229999999999999819e-04
7.601499999999999924e-02 1.976393999999999984e+00 -3.770000000000000022e-04 5.090000000000000123e-04
7.601499999999999924e-02 2.128423999999999872e+00 -3.069999999999999812e-04 4.279999999999999950e-04
2.280449999999999977e-01 -2.128423999999999872e+00 -2.970000000000000092e-04 7.399999999999999894e-04
2.280449999999999977e-01 -1.976393999999999984e+00 -4.979999999999999618e-04 7.439999999999999782e-04
2.280449999999999977e-01 -1.824362999999999957e+00 -6.260000000000000373e-04 7.519999999999999558e-04
2.280449999999999977e-01 -1.672333000000000069e+00 -6.499999999999999702e-04 7.330000000000000361e-04
2.280449999999999977e-01 -1.520302999999999960e+00 2.979999999999999793e-04 5.689999999999999529e-04
2.280449999999999977e-01 -1.368273000000000073e+00 8.220000000000000310e-04 5.299999999999999807e-04
2.280449999999999977e-01 -1.216242000000000045e+00 1.778999999999999982e-03 5.370000000000000424e-04
2.280449999999999977e-01 -1.064211999999999936e+00 3.001999999999999894e-03 5.349999999999999938e-04
2.280449999999999977e-01 -9.121820000000000483e-01 6.121999999999999838e-03 5.749999999999999903e-04
2.280449999999999977e-01 -7.601510000000000211e-01 1.466499999999999922e-02 5.829999999999999679e-04
2.280449999999999977e-01 -6.081210000000000226e-01 3.421199999999999936e-02 5.590000000000000351e-04
2.280449999999999977e-01 -4.560910000000000242e-01 7.768300000000000205e-02 5.540000000000000219e-04
2.280449999999999977e-01 -3.040610000000000257e-01 1.663000000000000034e-01 5.940000000000000184e-04
2.280449999999999977e-01 -1.520299999999999985e-01 2.701669999999999905e-01 7.690000000000000438e-04
2.280449999999999977e-01 0.000000000000000000e+00 3.403880000000000239e-01 9.079999999999999530e-04
2.280449999999999977e-01 1.520299999999999985e-01 2.701669999999999905e-01 7.690000000000000438e-04
2.280449999999999977e-01 3.040610000000000257e-01 1.663000000000000034e-01 5.940000000000000184e-04
2.280449999999999977e-01 4.560910000000000242e-01 7.768300000000000205e-02 5.540000000000000219e-04
2.280449999999999977e-01 6.081210000000000226e-01 3.421199999999999936e-02 5.590000000000000351e-04
2.280449999999999977e-01 7.601510000000000211e-01 1.466499999999999922e-02 5.829999999999999679e-04
2.280449999999999977e-01 9.121820000000000483e-01 6.121999999999999838e-03 5.749999999999999903e-04
2.280449999999999977e-01 1.064211999999999936e+00 3.001999999999999894e-03 5.349999999999999938e-04
2.280449999999999977e-01 1.216242000000000045e+00 1.778999999999999982e-03 5.370000000000000424e-04
2.280449999999999977e-01 1.368273000000000073e+00 8.220000000000000310e-04 5.299999999999999807e-04
2.280449999999999977e-01 1.520302999999999960e+00 2.979999999999999793e-04 5.689999999999999529e-04
2.280449999999999977e-01 1.672333000000000069e+00 -6.499999999999999702e-04 7.330000000000000361e-04
2.280449999999999977e-01 1.824362999999999957e+00 -6.260000000000000373e-04 7.519999999999999558e-04
2.280449999999999977e-01 1.976393999999999984e+00 -4.979999999999999618e-04 7.439999999999999782e-04
2.280449999999999977e-01 2.128423999999999872e+00 -2.970000000000000092e-04 7.399999999999999894e-04
3.800760000000000249e-01 -2.128423999999999872e+00 -1.136000000000000074e-03 4.679999999999999915e-04
3.800760000000000249e-01 -1.976393999999999984e+00 -6.220000000000000485e-04 4.659999999999999971e-04
3.800760000000000249e-01 -1.824362999999999957e+00 -9.759999999999999796e-04 7.259999999999999743e-04
3.800760000000000249e-01 -1.672333000000000069e+00 -1.503999999999999912e-03 7.290000000000000473e-04
3.800760000000000249e-01 -1.520302999999999960e+00 -9.240000000000000166e-04 7.429999999999999539e-04
3.800760000000000249e-01 -1.368273000000000073e+00 -1.252999999999999991e-03 7.389999999999999651e-04
3.800760000000000249e-01 -1.216242000000000045e+00 8.360000000000000460e-04 4.829999999999999767e-04
3.800760000000000249e-01 -1.064211999999999936e+00 2.762000000000000132e-03 4.870000000000000197e-04
3.800760000000000249e-01 -9.121820000000000483e-01 6.657999999999999856e-03 5.789999999999999791e-04
3.800760000000000249e-01 -7.601510000000000211e-01 1.647399999999999906e-02 5.839999999999999922e-04
3.800760000000000249e-01 -6.081210000000000226e-01 3.720899999999999902e-02 5.590000000000000351e-04
3.800760000000000249e-01 -4.560910000000000242e-01 8.631099999999999883e-02 5.439999999999999957e-04
3.800760000000000249e-01 -3.040610000000000257e-01 1.852159999999999918e-01 6.170000000000000354e-04
3.800760000000000249e-01 -1.520299999999999985e-01 3.081960000000000255e-01 8.180000000000000422e-04
3.800760000000000249e-01 0.000000000000000000e+00 3.829569999999999919e-01 9.510000000000000224e-04
3.800760000000000249e-01 1.520299999999999985e-01 3.081960000000000255e-01 8.180000000000000422e-04
3.800760000000000249e-01 3.040610000000000257e-01 1.852159999999999918e-01 6.170000000000000354e-04
3.800760000000000249e-01 4.560910000000000242e-01 8.631099999999999883e-02 5.439999999999999957e-04
3.800760000000000249e-01 6.081210000000000226e-01 3.720899999999999902e-02 5.590000000000000351e-04
3.800760000000000249e-01 7.601510000000000211e-01 1.647399999999999906e-02 5.839999999999999922e-04
3.800760000000000249e-01 9.121820000000000483e-01 6.657999999999999856e-03 5.789999999999999791e-04
3.800760000000000249e-01 1.064211999999999936e+00 2.762000000000000132e-03 4.870000000000000197e-04
3.800760000000000249e-01 1.216242000000000045e+00 8.360000000000000460e-04 4.829999999999999767e-04
3.800760000000000249e-01 1.368273000000000073e+00 -1.252999999999999991e-03 7.389999999999999651e-04
3.800760000000000249e-01 1.520302999999999960e+00 -9.240000000000000166e-04 7.429999999999999539e-04
3.800760000000000249e-01 1.672333000000000069e+00 -1.503999999999999912e-03 7.290000000000000473e-04
3.800760000000000249e-01 1.824362999999999957e+00 -9.759999999999999796e-04 7.259999999999999743e-04
3.800760000000000249e-01 1.976393999999999984e+00 -6.220000000000000485e-04 4.659999999999999971e-04
3.800760000000000249e-01 2.128423999999999872e+00 -1.136000000000000074e-03 4.679999999999999915e-04
5.321059999999999679e-01 -2.128423999999999872e+00 1.201000000000000028e-03 6.009999999999999717e-04
5.321059999999999679e-01 -1.976393999999999984e+00 -4.420000000000000101e-04 4.760000000000000234e-04
5.321059999999999679e-01 -1.824362999999999957e+00 -2.049999999999999956e-04 5.739999999999999660e-04
5.321059999999999679e-01 -1.672333000000000069e+00 -7.050000000000000060e-04 7.370000000000000249e-04
5.321059999999999679e-01 -1.520302999999999960e+00 -1.044000000000000006e-03 7.389999999999999651e-04
5.321059999999999679e-01 -1.368273000000000073e+00 -8.369999999999999619e-04 7.410000000000000137e-04
5.321059999999999679e-01 -1.216242000000000045e+00 1.155999999999999910e-03 4.800000000000000122e-04
5.321059999999999679e-01 -1.064211999999999936e+00 2.576999999999999864e-03 5.320000000000000293e-04
5.321059999999999679e-01 -9.121820000000000483e-01 6.869000000000000106e-03 5.820000000000000520e-04
5.321059999999999679e-01 -7.601510000000000211e-01 1.504699999999999961e-02 5.400000000000000069e-04
5.321059999999999679e-01 -6.081210000000000226e-01 3.549100000000000171e-02 5.060000000000000478e-04
5.321059999999999679e-01 -4.560910000000000242e-01 8.109600000000000142e-02 4.949999999999999973e-04
5.321059999999999679e-01 -3.040610000000000257e-01 1.737390000000000045e-01 6.049999999999999606e-04
5.321059999999999679e-01 -1.520299999999999985e-01 2.887919999999999932e-01 7.969999999999999654e-04
5.321059999999999679e-01 0.000000000000000000e+00 3.586400000000000143e-01 9.380000000000000317e-04
5.321059999999999679e-01 1.520299999999999985e-01 2.887919999999999932e-01 7.969999999999999654e-04
5.321059999999999679e-01 3.040610000000000257e-01 1.737390000000000045e-01 6.049999999999999606e-04
5.321059999999999679e-01 4.560910000000000242e-01 8.109600000000000142e-02 4.949999999999999973e-04
5.321059999999999679e-01 6.081210000000000226e-01 3.549100000000000171e-02 5.060000000000000478e-04
5.321059999999999679e-01 7.601510000000000211e-01 1.504699999999999961e-02 5.400000000000000069e-04
5.321059999999999679e-01 9.121820000000000483e-01 6.869000000000000106e-03 5.820000000000000520e-04
5.321059999999999679e-01 1.064211999999999936e+00 2.576999999999999864e-03 5.320000000000000293e-04
5.321059999999999679e-01 1.216242000000000045e+00 1.155999999999999910e-03 4.800000000000000122e-04
5.321059999999999679e-01 1.368273000000000073e+00 -8.369999999999999619e-04 7.410000000000000137e-04
5.321059999999999679e-01 1.520302999999999960e+00 -1.044000000000000006e-03 7.389999999999999651e-04
5.321059999999999679e-01 1.672333000000000069e+00 -7.050000000000000060e-04 7.370000000000000249e-04
5.321059999999999679e-01 1.824362999999999957e+00 -2.049999999999999956e-04 5.739999999999999660e-04
5.321059999999999679e-01 1.976393999999999984e+00 -4.420000000000000101e-04 4.760000000000000234e-04
5.321059999999999679e-01 2.128423999999999872e+00 1.201000000000000028e-03 6.009999999999999717e-04
6.841359999999999664e-01 -2.128423999999999872e+00 1.021999999999999905e-03 7.159999999999999481e-04
6.841359999999999664e-01 -1.976393999999999984e+00 5.810000000000000277e-04 7.190000000000000210e-04
6.841359999999999664e-01 -1.824362999999999957e+00 -7.820000000000000345e-04 6.390000000000000280e-04
6.841359999999999664e-01 -1.672333000000000069e+00 -9.070000000000000371e-04 7.299999999999999632e-04
6.841359999999999664e-01 -1.520302999999999960e+00 -1.551999999999999994e-03 7.349999999999999763e-04
6.841359999999999664e-01 -1.368273000000000073e+00 1.301000000000000073e-03 4.350000000000000026e-04
6.841359999999999664e-01 -1.216242000000000045e+00 1.897999999999999948e-03 4.310000000000000137e-04
6.841359999999999664e-01 -1.064211999999999936e+00 2.968000000000000152e-03 5.299999999999999807e-04
6.841359999999999664e-01 -9.121820000000000483e-01 5.924999999999999711e-03 4.939999999999999730e-04
6.841359999999999664e-01 -7.601510000000000211e-01 1.249199999999999963e-02 5.050000000000000235e-04
6.841359999999999664e-01 -6.081210000000000226e-01 2.906699999999999909e-02 5.000000000000000104e-04
6.841359999999999664e-01 -4.560910000000000242e-01 6.660399999999999654e-02 4.870000000000000197e-04
6.841359999999999664e-01 -3.040610000000000257e-01 1.408439999999999970e-01 5.749999999999999903e-04
6.841359999999999664e-01 -1.520299999999999985e-01 2.284690000000000054e-01 7.200000000000000453e-04
6.841359999999999664e-01 0.000000000000000000e+00 2.869050000000000211e-01 8.419999999999999750e-04
6.841359999999999664e-01 1.520299999999999985e-01 2.284690000000000054e-01 7.200000000000000453e-04
6.841359999999999664e-01 3.040610000000000257e-01 1.408439999999999970e-01 5.749999999999999903e-04
6.841359999999999664e-01 4.560910000000000242e-01 6.660399999999999654e-02 4.870000000000000197e-04
6.841359999999999664e-01 6.081210000000000226e-01 2.906699999999999909e-02 5.000000000000000104e-04
6.841359999999999664e-01 7.601510000000000211e-01 1.249199999999999963e-02 5.050000000000000235e-04
6.841359999999999664e-01 9.121820000000000483e-01 5.924999999999999711e-03 4.939999999999999730e-04
6.841359999999999664e-01 1.064211999999999936e+00 2.968000000000000152e-03 5.299999999999999807e-04
6.841359999999999664e-01 1.216242000000000045e+00 1.897999999999999948e-03 4.310000000000000137e-04
6.841359999999999664e-01 1.368273000000000073e+00 1.301000000000000073e-03 4.350000000000000026e-04
6.841359999999999664e-01 1.520302999999999960e+00 -1.551999999999999994e-03 7.349999999999999763e-04
6.841359999999999664e-01 1.672333000000000069e+00 -9.070000000000000371e-04 7.299999999999999632e-04
6.841359999999999664e-01 1.824362999999999957e+00 -7.820000000000000345e-04 6.390000000000000280e-04
6.841359999999999664e-01 1.976393999999999984e+00 5.810000000000000277e-04 7.190000000000000210e-04
6.841359999999999664e-01 2.128423999999999872e+00 1.021999999999999905e-03 7.159999999999999481e-04
8.361669999999999936e-01 -2.128423999999999872e+00 4.360000000000000269e-04 7.399999999999999894e-04
8.361669999999999936e-01 -1.976393999999999984e+00 3.390000000000000001e-04 7.399999999999999894e-04
8.361669999999999936e-01 -1.824362999999999957e+00 -2.400000000000000061e-04 7.269999999999999987e-04
8.361669999999999936e-01 -1.672333000000000069e+00 -6.570000000000000319e-04 7.200000000000000453e-04
8.361669999999999936e-01 -1.520302999999999960e+00 -1.464999999999999939e-03 7.380000000000000492e-04
8.361669999999999936e-01 -1.368273000000000073e+00 -1.453999999999999997e-03 7.439999999999999782e-04
8.361669999999999936e-01 -1.216242000000000045e+00 1.497999999999999983e-03 4.279999999999999950e-04
8.361669999999999936e-01 -1.064211999999999936e+00 2.138000000000000143e-03 4.350000000000000026e-04
8.361669999999999936e-01 -9.121820000000000483e-01 4.056999999999999842e-03 4.889999999999999599e-04
8.361669999999999936e-01 -7.601510000000000211e-01 8.703000000000000666e-03 4.949999999999999973e-04
8.361669999999999936e-01 -6.081210000000000226e-01 2.007600000000000010e-02 4.459999999999999989e-04
8.361669999999999936e-01 -4.560910000000000242e-01 4.480900000000000161e-02 4.749999999999999990e-04
8.361669999999999936e-01 -3.040610000000000257e-01 9.826699999999999324e-02 5.320000000000000293e-04
8.361669999999999936e-01 -1.520299999999999985e-01 1.663969999999999894e-01 6.570000000000000319e-04
8.361669999999999936e-01 0.000000000000000000e+00 2.303729999999999944e-01 7.770000000000000214e-04
8.361669999999999936e-01 1.520299999999999985e-01 1.663969999999999894e-01 6.570000000000000319e-04
8.361669999999999936e-01 3.040610000000000257e-01 9.826699999999999324e-02 5.320000000000000293e-04
8.361669999999999936e-01 4.560910000000000242e-01 4.480900000000000161e-02 4.749999999999999990e-04
8.361669999999999936e-01 6.081210000000000226e-01 2.007600000000000010e-02 4.459999999999999989e-04
8.361669999999999936e-01 7.601510000000000211e-01 8.703000000000000666e-03 4.949999999999999973e-04
8.361669999999999936e-01 9.121820000000000483e-01 4.056999999999999842e-03 4.889999999999999599e-04
8.361669999999999936e-01 1.064211999999999936e+00 2.138000000000000143e-03 4.350000000000000026e-04
8.361669999999999936e-01 1.216242000000000045e+00 1.497999999999999983e-03 4.279999999999999950e-04
8.361669999999999936e-01 1.368273000000000073e+00 -1.453999999999999997e-03 7.439999999999999782e-04
8.361669999999999936e-01 1.520302999999999960e+00 -1.464999999999999939e-03 7.380000000000000492e-04
8.361669999999999936e-01 1.672333000000000069e+00 -6.570000000000000319e-04 7.200000000000000453e-04
8.361669999999999936e-01 1.824362999999999957e+00 -2.400000000000000061e-04 7.269999999999999987e-04
8.361669999999999936e-01 1.976393999999999984e+00 3.390000000000000001e-04 7.399999999999999894e-04
8.361669999999999936e-01 2.128423999999999872e+00 4.360000000000000269e-04 7.399999999999999894e-04
9.881969999999999921e-01 -2.128423999999999872e+00 1.105999999999999995e-03 6.030000000000000204e-04
9.881969999999999921e-01 -1.976393999999999984e+00 8.980000000000000352e-04 4.180000000000000230e-04
9.881969999999999921e-01 -1.824362999999999957e+00 4.679999999999999915e-04 4.139999999999999800e-04
9.881969999999999921e-01 -1.672333000000000069e+00 -5.180000000000000143e-04 7.360000000000000006e-04
9.881969999999999921e-01 -1.520302999999999960e+00 -7.979999999999999897e-04 7.399999999999999894e-04
9.881969999999999921e-01 -1.368273000000000073e+00 -1.340999999999999961e-03 7.380000000000000492e-04
9.881969999999999921e-01 -1.216242000000000045e+00 -1.260000000000000052e-03 7.420000000000000380e-04
9.881969999999999921e-01 -1.064211999999999936e+00 -6.840000000000000377e-04 7.349999999999999763e-04
9.881969999999999921e-01 -9.121820000000000483e-01 1.593000000000000015e-03 4.809999999999999823e-04
9.881969999999999921e-01 -7.601510000000000211e-01 4.584000000000000401e-03 4.840000000000000010e-04
9.881969999999999921e-01 -6.081210000000000226e-01 1.115200000000000045e-02 4.459999999999999989e-04
9.881969999999999921e-01 -4.560910000000000242e-01 2.296099999999999877e-02 4.670000000000000214e-04
9.881969999999999921e-01 -3.040610000000000257e-01 3.392799999999999983e-02 4.949999999999999973e-04
9.881969999999999921e-01 -1.520299999999999985e-01 4.799500000000000294e-02 5.630000000000000239e-04
9.881969999999999921e-01 0.000000000000000000e+00 3.710000000000000103e-02 6.300000000000000261e-04
9.881969999999999921e-01 1.520299999999999985e-01 4.799500000000000294e-02 5.630000000000000239e-04
9.881969999999999921e-01 3.040610000000000257e-01 3.392799999999999983e-02 4.949999999999999973e-04
9.881969999999999921e-01 4.560910000000000242e-01 2.296099999999999877e-02 4.670000000000000214e-04
9.881969999999999921e-01 6.081210000000000226e-01 1.115200000000000045e-02 4.459999999999999989e-04
9.881969999999999921e-01 7.601510000000000211e-01 4.584000000000000401e-03 4.840000000000000010e-04
9.881969999999999921e-01 9.121820000000000483e-01 1.593000000000000015e-03 4.809999999999999823e-04
9.881969999999999921e-01 1.064211999999999936e+00 -6.840000000000000377e-04 7.349999999999999763e-04
9.881969999999999921e-01 1.216242000000000045e+00 -1.260000000000000052e-03 7.420000000000000380e-04
9.881969999999999921e-01 1.368273000000000073e+00 -1.340999999999999961e-03 7.380000000000000492e-04
9.881969999999999921e-01 1.520302999999999960e+00 -7.979999999999999897e-04 7.399999999999999894e-04
9.881969999999999921e-01 1.672333000000000069e+00 -5.180000000000000143e-04 7.360000000000000006e-04
9.881969999999999921e-01 1.824362999999999957e+00 4.679999999999999915e-04 4.139999999999999800e-04
9.881969999999999921e-01 1.976393999999999984e+00 8.980000000000000352e-04 4.180000000000000230e-04
9.881969999999999921e-01 2.128423999999999872e+00 1.105999999999999995e-03 6.030000000000000204e-04
